MinBandwidth=71457280;
MaxBandwidth=322428800;
MaxMsgSend = 1024;
MaxSizeGuaranteed = 1024;
MaxSizeNonguaranteed = 512;
MinErrorToSend = 0.020000001;
MinErrorToSendNear=0.020000001;
MaxCustomFileSize=0;